%YAML:1.0

cam0:
  T_cam_imu:
    - [0.9999970270735871, -0.0021872943503885643, -0.0010777696483415622, 0.0327170360214730]
    - [0.0021806811134117087, 0.9999790202850984, -0.006099476988959742, -0.00614078752162620]
    - [0.0010910883885998856, 0.006097108583746742, 0.9999808172125347, -0.01710368275821715]
    - [0.0, 0.0, 0.0, 1.0]

  cam_overlaps: [1]
  camera_model: pinhole
  distortion_model: radtan
  distortion_coeffs: [0, 0, 0, 0]

  intrinsics: [429.1734, 429.1734, 430.1907, 242.2899]
  resolution: [848, 480]

  rostopic: /camera/camera/infra1/image_rect_raw
  timeshift_cam_imu: 0.0039655663674911645


cam1:
  T_cam_imu:
    - [0.9999970270735862, -0.0021872943503885626, -0.0010777696483415611, -0.062302963978526]
    - [0.002180681113411707, 0.9999790202850976, -0.0060994769889597365, -0.00614078752162620]
    - [0.0010910883885998845, 0.006097108583746737, 0.9999808172125338, -0.01710368275821715]
    - [0.0, 0.0, 0.0, 1.0]

  T_cn_cnm1:
    - [1.0, 0.0, 0.0, -0.09502]
    - [0.0, 1.0, 0.0, 0.0]
    - [0.0, 0.0, 1.0, 0.0]
    - [0.0, 0.0, 0.0, 1.0]

  cam_overlaps: [0]
  camera_model: pinhole
  distortion_model: radtan
  distortion_coeffs: [0, 0, 0, 0]

  intrinsics: [429.1734, 429.1734, 430.1907, 242.2899]
  resolution: [848, 480]

  rostopic: /camera/camera/infra2/image_rect_raw
  timeshift_cam_imu: 0.0037800550578140782
